{
  "cameras": [
      {
          "cam_index": 0,
          "image_name": "001001.png",
          "mask_folder": "001001",
          "width": 3840,
          "height": 2160,
          "K": [
              [
                  3048.412202052305,
                  0.0,
                  1920.0
              ],
              [
                  0.0,
                  3048.412202052305,
                  1080.0
              ],
              [
                  0.0,
                  0.0,
                  1.0
              ]
          ],
          "R": [
              [
                  -0.09064591757288779,
                  -0.051899606970234456,
                  0.9945299132875314
              ],
              [
                  0.17293660760100668,
                  0.9826486283846292,
                  0.06704179953776944
              ],
              [
                  -0.9807528982260643,
                  0.1780676947965077,
                  -0.0800977446064064
              ]
          ],
          "T": [
              -4.062640560706784,
              -0.3888141753217871,
              4.328774962735213
          ]
      },
      {
          "cam_index": 1,
          "image_name": "002001.png",
          "mask_folder": "002001",
          "width": 3840,
          "height": 2160,
          "K": [
              [
                  3041.009064744794,
                  0.0,
                  1920.0
              ],
              [
                  0.0,
                  3041.009064744794,
                  1080.0
              ],
              [
                  0.0,
                  0.0,
                  1.0
              ]
          ],
          "R": [
              [
                  0.02598365109181078,
                  -0.037650006692083654,
                  0.9989531154523845
              ],
              [
                  0.18954536650905032,
                  0.9813485366524087,
                  0.03205625750342385
              ],
              [
                  -0.9815280963430892,
                  0.1885139957835017,
                  0.03263540229335449
              ]
          ],
          "T": [
              -3.9908664315518254,
              -0.21569053487971335,
              3.639053983862548
          ]
      },
      {
          "cam_index": 2,
          "image_name": "003001.png",
          "mask_folder": "003001",
          "width": 3840,
          "height": 2160,
          "K": [
              [
                  3039.502906711966,
                  0.0,
                  1920.0
              ],
              [
                  0.0,
                  3039.502906711966,
                  1080.0
              ],
              [
                  0.0,
                  0.0,
                  1.0
              ]
          ],
          "R": [
              [
                  0.18628146138387722,
                  -0.031816969750767574,
                  0.9819811085660283
              ],
              [
                  0.16690880880578446,
                  0.985972296279587,
                  0.00028374670470562857
              ],
              [
                  -0.9682151964763418,
                  0.16384844034972407,
                  0.18897889275588897
              ]
          ],
          "T": [
              -3.886250333991705,
              -0.11121742303874114,
              3.0296772787647104
          ]
      },
      {
          "cam_index": 3,
          "image_name": "004001.png",
          "mask_folder": "004001",
          "width": 3840,
          "height": 2160,
          "K": [
              [
                  3032.130464412677,
                  0.0,
                  1920.0
              ],
              [
                  0.0,
                  3032.130464412677,
                  1080.0
              ],
              [
                  0.0,
                  0.0,
                  1.0
              ]
          ],
          "R": [
              [
                  0.27439862640417934,
                  -0.04740625946759671,
                  0.9604467920664789
              ],
              [
                  0.11556269305004646,
                  0.9931712302963824,
                  0.01600535181090803
              ],
              [
                  -0.9546468759716967,
                  0.10659997127045154,
                  0.27800321638898096
              ]
          ],
          "T": [
              -3.840574297764559,
              -0.028000406639621323,
              2.3902951247054474
          ]
      },
      {
          "cam_index": 4,
          "image_name": "005001.png",
          "mask_folder": "005001",
          "width": 3840,
          "height": 2160,
          "K": [
              [
                  3023.566768765856,
                  0.0,
                  1920.0
              ],
              [
                  0.0,
                  3023.566768765856,
                  1080.0
              ],
              [
                  0.0,
                  0.0,
                  1.0
              ]
          ],
          "R": [
              [
                  0.4010588711857298,
                  -0.018936864591590025,
                  0.9158565264290406
              ],
              [
                  0.11120065893100936,
                  0.9933990621691196,
                  -0.028155225710747495
              ],
              [
                  -0.9092778427392463,
                  0.11313575226670652,
                  0.4005172983311819
              ]
          ],
          "T": [
              -3.61308405365432,
              0.05247033041894768,
              1.783294176803283
          ]
      },
      {
          "cam_index": 5,
          "image_name": "006001.png",
          "mask_folder": "006001",
          "width": 3840,
          "height": 2160,
          "K": [
              [
                  3037.2992252369313,
                  0.0,
                  1920.0
              ],
              [
                  0.0,
                  3037.2992252369313,
                  1080.0
              ],
              [
                  0.0,
                  0.0,
                  1.0
              ]
          ],
          "R": [
              [
                  0.536355229475909,
                  -0.03984484237276959,
                  0.8430512774144491
              ],
              [
                  0.1035683382668453,
                  0.994442926049007,
                  -0.01889090097728969
              ],
              [
                  -0.8376136741496581,
                  0.09744565340423658,
                  0.5375013279147616
              ]
          ],
          "T": [
              -3.4223504219185483,
              0.12743264860245,
              1.0942159987070332
          ]
      },
      {
          "cam_index": 6,
          "image_name": "008001.png",
          "mask_folder": "008001",
          "width": 3840,
          "height": 2160,
          "K": [
              [
                  3447.512186800795,
                  0.0,
                  1920.0
              ],
              [
                  0.0,
                  3447.512186800795,
                  1080.0
              ],
              [
                  0.0,
                  0.0,
                  1.0
              ]
          ],
          "R": [
              [
                  0.7501333537352659,
                  -0.007561715388444232,
                  0.6612433531418418
              ],
              [
                  0.07991918480505014,
                  0.99364202782973,
                  -0.07929971267614051
              ],
              [
                  -0.6564395444471476,
                  0.11233138916085016,
                  0.7459683528777981
              ]
          ],
          "T": [
              -2.3953354660013746,
              0.2775182401226756,
              -0.18092443519689397
          ]
      },
      {
          "cam_index": 7,
          "image_name": "009001.png",
          "mask_folder": "009001",
          "width": 3840,
          "height": 2160,
          "K": [
              [
                  3025.897593900925,
                  0.0,
                  1920.0
              ],
              [
                  0.0,
                  3025.897593900925,
                  1080.0
              ],
              [
                  0.0,
                  0.0,
                  1.0
              ]
          ],
          "R": [
              [
                  0.9108461170052008,
                  0.016949880811612812,
                  0.41239793001059094
              ],
              [
                  0.01878630553414916,
                  0.9964184426210415,
                  -0.08244611530591199
              ],
              [
                  -0.41231835498911,
                  0.0828431575033826,
                  0.9072654437340508
              ]
          ],
          "T": [
              -1.1591973196919607,
              0.2914446772056284,
              -0.5597980110913577
          ]
      },
      {
          "cam_index": 8,
          "image_name": "010001.png",
          "mask_folder": "010001",
          "width": 3840,
          "height": 2160,
          "K": [
              [
                  3025.2389472125906,
                  0.0,
                  1920.0
              ],
              [
                  0.0,
                  3025.2389472125906,
                  1080.0
              ],
              [
                  0.0,
                  0.0,
                  1.0
              ]
          ],
          "R": [
              [
                  0.9759471279073346,
                  0.012058801474376414,
                  0.21767358323054814
              ],
              [
                  -0.00036334223228280584,
                  0.9985576077785355,
                  -0.05368958865581641
              ],
              [
                  -0.21800704463811948,
                  0.05231910984153025,
                  0.9745438108333268
              ]
          ],
          "T": [
              -0.21671314892840252,
              0.2637237273962592,
              -0.9422475386858666
          ]
      },
      {
          "cam_index": 9,
          "image_name": "012001.png",
          "mask_folder": "012001",
          "width": 3840,
          "height": 2160,
          "K": [
              [
                  3025.879690501819,
                  0.0,
                  1920.0
              ],
              [
                  0.0,
                  3025.879690501819,
                  1080.0
              ],
              [
                  0.0,
                  0.0,
                  1.0
              ]
          ],
          "R": [
              [
                  0.9979322388897154,
                  0.013121587042441044,
                  0.06292114539681813
              ],
              [
                  -0.009301550002128085,
                  0.9981172999966971,
                  -0.06062455455392085
              ],
              [
                  -0.0635981741256602,
                  0.05991393327758625,
                  0.9961754829582442
              ]
          ],
          "T": [
              0.56188892130262,
              0.2373375576491066,
              -1.2362743308176622
          ]
      },
      {
          "cam_index": 10,
          "image_name": "101001.png",
          "mask_folder": "101001",
          "width": 3840,
          "height": 2160,
          "K": [
              [
                  3047.2040931861293,
                  0.0,
                  1920.0
              ],
              [
                  0.0,
                  3047.2040931861293,
                  1080.0
              ],
              [
                  0.0,
                  0.0,
                  1.0
              ]
          ],
          "R": [
              [
                  0.37415808447682536,
                  0.15975567245482192,
                  -0.9135008773609035
              ],
              [
                  -0.17942857199257917,
                  0.9789073511952746,
                  0.09770253491366143
              ],
              [
                  0.9098412583375941,
                  0.12735196462700937,
                  0.3949308315797898
              ]
          ],
          "T": [
              5.887683069042342,
              -0.465962006562176,
              1.2682255299228333
          ]
      },
      {
          "cam_index": 11,
          "image_name": "102001.png",
          "mask_folder": "102001",
          "width": 3840,
          "height": 2160,
          "K": [
              [
                  2855.9793525127,
                  0.0,
                  1920.0
              ],
              [
                  0.0,
                  2855.9793525127,
                  1080.0
              ],
              [
                  0.0,
                  0.0,
                  1.0
              ]
          ],
          "R": [
              [
                  0.4801119888413264,
                  0.1546949390802255,
                  -0.8634592949258185
              ],
              [
                  -0.13046960967016122,
                  0.9859721938427153,
                  0.10409857790334483
              ],
              [
                  0.8674503784789894,
                  0.06267622190231549,
                  0.4935600592478182
              ]
          ],
          "T": [
              5.531909775553804,
              -0.35457143185701406,
              0.6391439987741735
          ]
      },
      {
          "cam_index": 12,
          "image_name": "103001.png",
          "mask_folder": "103001",
          "width": 3840,
          "height": 2160,
          "K": [
              [
                  3045.431434977869,
                  0.0,
                  1920.0
              ],
              [
                  0.0,
                  3045.431434977869,
                  1080.0
              ],
              [
                  0.0,
                  0.0,
                  1.0
              ]
          ],
          "R": [
              [
                  0.6310115506485215,
                  0.14876337695114356,
                  -0.7613763068458594
              ],
              [
                  -0.16221417581818953,
                  0.9850479584188372,
                  0.05802655235757472
              ],
              [
                  0.7586244025285331,
                  0.0868906053205572,
                  0.6457081682890912
              ]
          ],
          "T": [
              4.961774701582334,
              -0.2491559329057208,
              0.28255436626577757
          ]
      },
      {
          "cam_index": 13,
          "image_name": "104001.png",
          "mask_folder": "104001",
          "width": 3840,
          "height": 2160,
          "K": [
              [
                  3044.9400844221877,
                  0.0,
                  1920.0
              ],
              [
                  0.0,
                  3044.9400844221877,
                  1080.0
              ],
              [
                  0.0,
                  0.0,
                  1.0
              ]
          ],
          "R": [
              [
                  0.7324113946063975,
                  0.1182045600017915,
                  -0.6705231025441962
              ],
              [
                  -0.10451136222990809,
                  0.9926612648588806,
                  0.06083574947032598
              ],
              [
                  0.6727933740871419,
                  0.02552048674203145,
                  0.7393901409546173
              ]
          ],
          "T": [
              4.573441478555115,
              -0.15793723569508955,
              -0.27023890761654673
          ]
      },
      {
          "cam_index": 14,
          "image_name": "105001.png",
          "mask_folder": "105001",
          "width": 3840,
          "height": 2160,
          "K": [
              [
                  7413.867601737789,
                  0.0,
                  1920.0
              ],
              [
                  0.0,
                  7413.867601737789,
                  1080.0
              ],
              [
                  0.0,
                  0.0,
                  1.0
              ]
          ],
          "R": [
              [
                  0.99305029301062,
                  0.03374568068714302,
                  -0.11274903363880037
              ],
              [
                  -0.03139021219096105,
                  0.9992516194438169,
                  0.022602115332767066
              ],
              [
                  0.11342737822117019,
                  -0.018905821163616412,
                  0.9933663975573167
              ]
          ],
          "T": [
              1.0105687671743515,
              -0.11003150769556648,
              -2.0134172262521832
          ]
      },
      {
          "cam_index": 15,
          "image_name": "106001.png",
          "mask_folder": "106001",
          "width": 3840,
          "height": 2160,
          "K": [
              [
                  7413.531291027878,
                  0.0,
                  1920.0
              ],
              [
                  0.0,
                  7413.531291027878,
                  1080.0
              ],
              [
                  0.0,
                  0.0,
                  1.0
              ]
          ],
          "R": [
              [
                  0.9982224338959393,
                  0.020330228297663594,
                  0.056023693953825796
              ],
              [
                  -0.018281836697973376,
                  0.9991540824840441,
                  -0.03683604080810895
              ],
              [
                  -0.056725187649012604,
                  0.03574634628647958,
                  0.997749693968057
              ]
          ],
          "T": [
              0.24841507752866124,
              0.4903423181775712,
              -1.664823518536252
          ]
      },
      {
          "cam_index": 16,
          "image_name": "107001.png",
          "mask_folder": "107001",
          "width": 3840,
          "height": 2160,
          "K": [
              [
                  7388.097799884549,
                  0.0,
                  1920.0
              ],
              [
                  0.0,
                  7388.097799884549,
                  1080.0
              ],
              [
                  0.0,
                  0.0,
                  1.0
              ]
          ],
          "R": [
              [
                  0.8482498336604347,
                  -0.04261695572645275,
                  0.5278787879614548
              ],
              [
                  0.08515548468635334,
                  0.9947629121786984,
                  -0.056526913780848786
              ],
              [
                  -0.5227052354079469,
                  0.09290071925644514,
                  0.8474365423078933
              ]
          ],
          "T": [
              -0.7365767412379622,
              -0.0801147229970641,
              -1.5844490948484224
          ]
      },
      {
          "cam_index": 17,
          "image_name": "108001.png",
          "mask_folder": "108001",
          "width": 3840,
          "height": 2160,
          "K": [
              [
                  7419.029377425498,
                  0.0,
                  1920.0
              ],
              [
                  0.0,
                  7419.029377425498,
                  1080.0
              ],
              [
                  0.0,
                  0.0,
                  1.0
              ]
          ],
          "R": [
              [
                  0.733890183823064,
                  -0.00211263339239455,
                  0.6792648488390214
              ],
              [
                  0.09021646110797196,
                  0.9914393082912879,
                  -0.09438796597048935
              ],
              [
                  -0.6732504647107962,
                  0.13055127251406556,
                  0.7277981705195852
              ]
          ],
          "T": [
              -1.2886247567734257,
              -0.11565380822772764,
              -1.1821825154079368
          ]
      },
      {
          "cam_index": 18,
          "image_name": "109001.png",
          "mask_folder": "109001",
          "width": 3840,
          "height": 2160,
          "K": [
              [
                  3046.7871236973233,
                  0.0,
                  1920.0
              ],
              [
                  0.0,
                  3046.7871236973233,
                  1080.0
              ],
              [
                  0.0,
                  0.0,
                  1.0
              ]
          ],
          "R": [
              [
                  0.9757727307724973,
                  0.04015166250861478,
                  -0.2150707369182934
              ],
              [
                  -0.04181788362273457,
                  0.9991201223822993,
                  -0.0032008842675968485
              ],
              [
                  0.21475298016581493,
                  0.01211713862978466,
                  0.9765932277367725
              ]
          ],
          "T": [
              2.0952356146369238,
              0.1443860671540765,
              -1.5869140629539453
          ]
      },
      {
          "cam_index": 19,
          "image_name": "110001.png",
          "mask_folder": "110001",
          "width": 3840,
          "height": 2160,
          "K": [
              [
                  3029.724191842806,
                  0.0,
                  1920.0
              ],
              [
                  0.0,
                  3029.724191842806,
                  1080.0
              ],
              [
                  0.0,
                  0.0,
                  1.0
              ]
          ],
          "R": [
              [
                  0.891400909625239,
                  0.07828921325464883,
                  -0.4464025284507971
              ],
              [
                  -0.08375571175370095,
                  0.9964580257048704,
                  0.00750891183746075
              ],
              [
                  0.44540924896989686,
                  0.030695310656840006,
                  0.8948007592954716
              ]
          ],
          "T": [
              3.4295198546191363,
              0.03429199880184118,
              -1.2629127947852505
          ]
      },
      {
          "cam_index": 20,
          "image_name": "111001.png",
          "mask_folder": "111001",
          "width": 3840,
          "height": 2160,
          "K": [
              [
                  3065.1775440062074,
                  0.0,
                  1920.0
              ],
              [
                  0.0,
                  3065.1775440062074,
                  1080.0
              ],
              [
                  0.0,
                  0.0,
                  1.0
              ]
          ],
          "R": [
              [
                  0.9383809893348127,
                  0.08666809207598011,
                  -0.3345590540860127
              ],
              [
                  -0.08938626162367203,
                  0.9959703232745314,
                  0.007294613723147329
              ],
              [
                  0.333843099506284,
                  0.023059856294758284,
                  0.9423465540551961
              ]
          ],
          "T": [
              2.744299115451715,
              0.07589407207714535,
              -1.2193327702152947
          ]
      },
      {
          "cam_index": 21,
          "image_name": "112001.png",
          "mask_folder": "112001",
          "width": 3840,
          "height": 2160,
          "K": [
              [
                  3029.3457683117676,
                  0.0,
                  1920.0
              ],
              [
                  0.0,
                  3029.3457683117676,
                  1080.0
              ],
              [
                  0.0,
                  0.0,
                  1.0
              ]
          ],
          "R": [
              [
                  0.8259365026462451,
                  0.11048242580397925,
                  -0.5528313731916427
              ],
              [
                  -0.1274739246098513,
                  0.9918115311938306,
                  0.007764350295499153
              ],
              [
                  0.5491623549926298,
                  0.06405872445980713,
                  0.8332569757760996
              ]
          ],
          "T": [
              4.00513021977061,
              -0.004134573749793484,
              -0.8399345134760595
          ]
      }
  ]
}