{
  "cameras": [
    {
      "cam_index": 0,
      "image_name": "001001.png",
      "mask_folder": "001001",
      "width": 3722,
      "height": 2093,
      "K": [
        [
          3013.2240690447743,
          0.0,
          1861.0
        ],
        [
          0.0,
          3013.2240690447743,
          1046.5
        ],
        [
          0.0,
          0.0,
          1.0
        ]
      ],
      "R": [
        [
          -0.6335878784909956,
          0.0993913416984836,
          -0.7672599047419689
        ],
        [
          -0.07011272250437939,
          0.9802567548775324,
          0.18488077417620583
        ],
        [
          0.7704872525696346,
          0.17093289827398525,
          -0.61411020013948
        ]
      ],
      "T": [
        5.075771418035723,
        -0.750576377790142,
        5.180023620223495
      ]
    },
    {
      "cam_index": 1,
      "image_name": "002001.png",
      "mask_folder": "002001",
      "width": 3733,
      "height": 2099,
      "K": [
        [
          3017.96631229101,
          0.0,
          1866.5
        ],
        [
          0.0,
          3017.96631229101,
          1049.5
        ],
        [
          0.0,
          0.0,
          1.0
        ]
      ],
      "R": [
        [
          -0.540236896210115,
          0.12736489408047275,
          -0.8318186579592528
        ],
        [
          -0.053308026507107996,
          0.9813148325281588,
          0.18487686109989324
        ],
        [
          0.839822808861,
          0.14421991268927362,
          -0.5233529081802444
        ]
      ],
      "T": [
        4.848376038511742,
        -0.7771229818160535,
        4.517273704067264
      ]
    },
    {
      "cam_index": 2,
      "image_name": "003001.png",
      "mask_folder": "003001",
      "width": 3719,
      "height": 2091,
      "K": [
        [
          3014.168329051376,
          0.0,
          1859.5
        ],
        [
          0.0,
          3014.168329051376,
          1045.5
        ],
        [
          0.0,
          0.0,
          1.0
        ]
      ],
      "R": [
        [
          -0.3968287674940951,
          0.12364223602312657,
          -0.9095270896242285
        ],
        [
          -0.06277521673100023,
          0.9849103453214061,
          0.16127890079996401
        ],
        [
          0.9157435238392317,
          0.12109586760112892,
          -0.38307909026261977
        ]
      ],
      "T": [
        4.81874778884127,
        -0.6294173748435695,
        3.6751241418131797
      ]
    },
    {
      "cam_index": 3,
      "image_name": "004001.png",
      "mask_folder": "004001",
      "width": 3728,
      "height": 2096,
      "K": [
        [
          3012.4813886865177,
          0.0,
          1864.0
        ],
        [
          0.0,
          3012.4813886865177,
          1048.0
        ],
        [
          0.0,
          0.0,
          1.0
        ]
      ],
      "R": [
        [
          -0.31111882964630255,
          0.08311433959379187,
          -0.946729676514581
        ],
        [
          -0.10811862697643664,
          0.9866057093216973,
          0.1221455559345515
        ],
        [
          0.9442009512493861,
          0.1403608951514571,
          -0.29796540532759264
        ]
      ],
      "T": [
        4.454196247837201,
        -0.4789839289697758,
        3.3776918072996014
      ]
    },
    {
      "cam_index": 4,
      "image_name": "005001.png",
      "mask_folder": "005001",
      "width": 3744,
      "height": 2105,
      "K": [
        [
          3012.9224905720866,
          0.0,
          1872.0
        ],
        [
          0.0,
          3012.9224905720866,
          1052.5
        ],
        [
          0.0,
          0.0,
          1.0
        ]
      ],
      "R": [
        [
          -0.18043840533322064,
          0.09597620966447479,
          -0.9788925114941097
        ],
        [
          -0.08017090965157805,
          0.9904812930223015,
          0.1118902740121248
        ],
        [
          0.9803135249125371,
          0.09866800571264546,
          -0.17102636499161883
        ]
      ],
      "T": [
        4.136985325410558,
        -0.3845024428961285,
        2.7943484636358815
      ]
    },
    {
      "cam_index": 5,
      "image_name": "006001.png",
      "mask_folder": "006001",
      "width": 3745,
      "height": 2106,
      "K": [
        [
          3012.217142479244,
          0.0,
          1872.5
        ],
        [
          0.0,
          3012.217142479244,
          1053.0
        ],
        [
          0.0,
          0.0,
          1.0
        ]
      ],
      "R": [
        [
          -0.029495026586552564,
          0.10627854597429566,
          -0.9938988449898953
        ],
        [
          -0.10581566113475264,
          0.9884121769992925,
          0.10883204591541289
        ],
        [
          0.9939482326888427,
          0.10838006747141683,
          -0.017907308832356028
        ]
      ],
      "T": [
        3.7531406175220887,
        -0.4297259930301085,
        2.297190576454794
      ]
    },
    {
      "cam_index": 6,
      "image_name": "008001.png",
      "mask_folder": "008001",
      "width": 3784,
      "height": 2128,
      "K": [
        [
          3484.459860429508,
          0.0,
          1892.0
        ],
        [
          0.0,
          3484.459860429508,
          1064.0
        ],
        [
          0.0,
          0.0,
          1.0
        ]
      ],
      "R": [
        [
          0.24662862137534014,
          0.11868017076718917,
          -0.9618156477127882
        ],
        [
          -0.07179706242897971,
          0.9919832457138514,
          0.10399241342320087
        ],
        [
          0.9664468453800594,
          0.04340803254794615,
          0.2531723479474963
        ]
      ],
      "T": [
        2.4765420107062086,
        -0.3229501942139519,
        1.625243276127531
      ]
    },
    {
      "cam_index": 7,
      "image_name": "009001.png",
      "mask_folder": "009001",
      "width": 3802,
      "height": 2138,
      "K": [
        [
          3051.7087784280156,
          0.0,
          1901.0
        ],
        [
          0.0,
          3051.7087784280156,
          1069.0
        ],
        [
          0.0,
          0.0,
          1.0
        ]
      ],
      "R": [
        [
          0.5242076950863612,
          0.09067899904414338,
          -0.846748847973587
        ],
        [
          -0.06637550876081548,
          0.9956404230754153,
          0.06553197521020462
        ],
        [
          0.8489997551524897,
          0.021851019897483306,
          0.5279412360106497
        ]
      ],
      "T": [
        1.3984165780340416,
        -0.24884232671759718,
        0.6148334255079697
      ]
    },
    {
      "cam_index": 8,
      "image_name": "010001.png",
      "mask_folder": "010001",
      "width": 3789,
      "height": 2131,
      "K": [
        [
          3050.1044775167857,
          0.0,
          1894.5
        ],
        [
          0.0,
          3050.1044775167857,
          1065.5
        ],
        [
          0.0,
          0.0,
          1.0
        ]
      ],
      "R": [
        [
          0.6868978831269417,
          0.09201241854763052,
          -0.720905689385749
        ],
        [
          -0.08765469694830715,
          0.9952005889423768,
          0.04350220536532298
        ],
        [
          0.7214485097764266,
          0.033309196954624434,
          0.6916664984944776
        ]
      ],
      "T": [
        0.3671021868144953,
        -0.21641331252281684,
        0.48604878199134305
      ]
    },
    {
      "cam_index": 9,
      "image_name": "012001.png",
      "mask_folder": "012001",
      "width": 3751,
      "height": 2109,
      "K": [
        [
          3053.2434431954503,
          0.0,
          1875.5
        ],
        [
          0.0,
          3053.2434431954503,
          1054.5
        ],
        [
          0.0,
          0.0,
          1.0
        ]
      ],
      "R": [
        [
          0.7921786393335939,
          0.09570259217381785,
          -0.6027387636736066
        ],
        [
          -0.08290512559730451,
          0.9953481831048063,
          0.04907886041521543
        ],
        [
          0.6046319074720345,
          0.011090908040955649,
          0.7964278047792883
        ]
      ],
      "T": [
        -0.4700914184457004,
        -0.17400441359490193,
        0.7055588191059413
      ]
    },
    {
      "cam_index": 10,
      "image_name": "101001.png",
      "mask_folder": "101001",
      "width": 3716,
      "height": 2090,
      "K": [
        [
          3064.479267653445,
          0.0,
          1858.0
        ],
        [
          0.0,
          3064.479267653445,
          1045.0
        ],
        [
          0.0,
          0.0,
          1.0
        ]
      ],
      "R": [
        [
          0.8282362995158915,
          -0.07849560166753948,
          0.5548541003570879
        ],
        [
          0.07788053896940435,
          0.9966555729919809,
          0.02474450391220547
        ],
        [
          -0.5549407660408969,
          0.02271804003159242,
          0.8315796034313645
        ]
      ],
      "T": [
        -4.403831573003432,
        -0.7248889540060928,
        5.120582478754012
      ]
    },
    {
      "cam_index": 11,
      "image_name": "102001.png",
      "mask_folder": "102001",
      "width": 3725,
      "height": 2095,
      "K": [
        [
          2879.667863119525,
          0.0,
          1862.5
        ],
        [
          0.0,
          2879.667863119525,
          1047.5
        ],
        [
          0.0,
          0.0,
          1.0
        ]
      ],
      "R": [
        [
          0.8877180375096578,
          -0.021324785729447127,
          0.4598934000326542
        ],
        [
          0.03742276934085398,
          0.9989634345766454,
          -0.02591510589778787
        ],
        [
          -0.4588640563553251,
          0.04021579158024231,
          0.8875958922238834
        ]
      ],
      "T": [
        -4.148515396286089,
        -0.570491797559438,
        4.580976593324153
      ]
    },
    {
      "cam_index": 12,
      "image_name": "103001.png",
      "mask_folder": "103001",
      "width": 3733,
      "height": 2099,
      "K": [
        [
          3061.752035622224,
          0.0,
          1866.5
        ],
        [
          0.0,
          3061.752035622224,
          1049.5
        ],
        [
          0.0,
          0.0,
          1.0
        ]
      ],
      "R": [
        [
          0.9573136564858937,
          -0.04292111543805754,
          0.28584670884087726
        ],
        [
          0.04572628671264448,
          0.9989490621723435,
          -0.0031429108273051997
        ],
        [
          -0.285411404483215,
          0.016079460020420405,
          0.9582702025819076
        ]
      ],
      "T": [
        -4.190727369163431,
        -0.5545545185728854,
        3.486830888915092
      ]
    },
    {
      "cam_index": 13,
      "image_name": "104001.png",
      "mask_folder": "104001",
      "width": 3710,
      "height": 2086,
      "K": [
        [
          3048.3667215112428,
          0.0,
          1855.0
        ],
        [
          0.0,
          3048.3667215112428,
          1043.0
        ],
        [
          0.0,
          0.0,
          1.0
        ]
      ],
      "R": [
        [
          0.9869577524752172,
          0.01980179145957716,
          0.15975695253746924
        ],
        [
          -0.014113285730229139,
          0.9992279946175561,
          -0.036663741468572784
        ],
        [
          -0.160359627072916,
          0.03393086835860306,
          0.986475284118901
        ]
      ],
      "T": [
        -3.885260817012355,
        -0.3617494640836098,
        3.060092227814066
      ]
    },
    {
      "cam_index": 14,
      "image_name": "105001.png",
      "mask_folder": "105001",
      "width": 3826,
      "height": 2152,
      "K": [
        [
          7389.146692164904,
          0.0,
          1913.0
        ],
        [
          0.0,
          7389.146692164904,
          1076.0
        ],
        [
          0.0,
          0.0,
          1.0
        ]
      ],
      "R": [
        [
          0.8867950971854978,
          0.08436127976388025,
          -0.4543980964796881
        ],
        [
          -0.1080304365708796,
          0.9937989435760332,
          -0.0263264984657199
        ],
        [
          0.44935941114220446,
          0.0724350345051393,
          0.8904096166339235
        ]
      ],
      "T": [
        -0.7376517679338197,
        0.10423162458954109,
        1.5834772746206378
      ]
    },
    {
      "cam_index": 15,
      "image_name": "106001.png",
      "mask_folder": "106001",
      "width": 3799,
      "height": 2136,
      "K": [
        [
          7494.5491565131615,
          0.0,
          1899.5
        ],
        [
          0.0,
          7494.5491565131615,
          1068.0
        ],
        [
          0.0,
          0.0,
          1.0
        ]
      ],
      "R": [
        [
          0.7951434315559105,
          0.08718854169696717,
          -0.6001208890300748
        ],
        [
          -0.08899760275979159,
          0.9956729189167166,
          0.026736963905345076
        ],
        [
          0.5998552741757811,
          0.03214959926066895,
          0.7994623526538801
        ]
      ],
      "T": [
        -0.1094582023417364,
        -0.4678491885872701,
        1.238598608336217
      ]
    },
    {
      "cam_index": 16,
      "image_name": "107001.png",
      "mask_folder": "107001",
      "width": 3760,
      "height": 2115,
      "K": [
        [
          7565.726462860246,
          0.0,
          1880.0
        ],
        [
          0.0,
          7565.726462860246,
          1057.5
        ],
        [
          0.0,
          0.0,
          1.0
        ]
      ],
      "R": [
        [
          0.40402722919983936,
          0.14216764991729722,
          -0.9036317598347757
        ],
        [
          -0.1107295206611417,
          0.988185763603837,
          0.10596164336615098
        ],
        [
          0.9080203584277474,
          0.05724732245000107,
          0.414996111732449
        ]
      ],
      "T": [
        0.3250364937638685,
        0.20540731798332168,
        1.6253303995796786
      ]
    },
    {
      "cam_index": 17,
      "image_name": "108001.png",
      "mask_folder": "108001",
      "width": 3793,
      "height": 2133,
      "K": [
        [
          7582.119353843935,
          0.0,
          1896.5
        ],
        [
          0.0,
          7582.119353843935,
          1066.5
        ],
        [
          0.0,
          0.0,
          1.0
        ]
      ],
      "R": [
        [
          0.22846710904617396,
          0.12548949330746306,
          -0.9654300425994211
        ],
        [
          -0.05684654932472716,
          0.9916853615035185,
          0.11544961502537417
        ],
        [
          0.97189055449364,
          0.028504926750860457,
          0.2337011322971565
        ]
      ],
      "T": [
        0.7913683109087057,
        0.26916780374562904,
        1.6968064813575454
      ]
    },
    {
      "cam_index": 18,
      "image_name": "109001.png",
      "mask_folder": "109001",
      "width": 3773,
      "height": 2122,
      "K": [
        [
          3059.7380980735024,
          0.0,
          1886.5
        ],
        [
          0.0,
          3059.7380980735024,
          1061.0
        ],
        [
          0.0,
          0.0,
          1.0
        ]
      ],
      "R": [
        [
          0.9304768513344439,
          0.07999088779615215,
          -0.35751124038318377
        ],
        [
          -0.08765811431051238,
          0.9961367094467533,
          -0.005264132228569151
        ],
        [
          0.35570898797509226,
          0.03623691435784937,
          0.9338939992909032
        ]
      ],
      "T": [
        -1.8586169599437976,
        -0.17814074356718745,
        1.5432099379291913
      ]
    },
    {
      "cam_index": 19,
      "image_name": "110001.png",
      "mask_folder": "110001",
      "width": 3712,
      "height": 2087,
      "K": [
        [
          3034.5122651881406,
          0.0,
          1856.0
        ],
        [
          0.0,
          3034.5122651881406,
          1043.5
        ],
        [
          0.0,
          0.0,
          1.0
        ]
      ],
      "R": [
        [
          0.9919806272222345,
          0.04409311788935409,
          -0.11844928100490042
        ],
        [
          -0.045651657195746834,
          0.9989024911224679,
          -0.010475658671896771
        ],
        [
          0.11785737741467166,
          0.015799056431432597,
          0.9929048435800946
        ]
      ],
      "T": [
        -2.922312235297841,
        -0.2434002196990013,
        2.30186558843524
      ]
    },
    {
      "cam_index": 20,
      "image_name": "111001.png",
      "mask_folder": "111001",
      "width": 3762,
      "height": 2115,
      "K": [
        [
          3074.2319593320426,
          0.0,
          1881.0
        ],
        [
          0.0,
          3074.2319593320426,
          1057.5
        ],
        [
          0.0,
          0.0,
          1.0
        ]
      ],
      "R": [
        [
          0.9706463404661566,
          0.036552413555508034,
          -0.23771748526964742
        ],
        [
          -0.042815774898184736,
          0.9988572533391123,
          -0.021236686928810637
        ],
        [
          0.23666958224395018,
          0.030791370789743276,
          0.9711021575124641
        ]
      ],
      "T": [
        -2.4673247746169706,
        -0.2609772017281298,
        1.6217521355316176
      ]
    },
    {
      "cam_index": 21,
      "image_name": "112001.png",
      "mask_folder": "112001",
      "width": 3701,
      "height": 2081,
      "K": [
        [
          3030.5580553578425,
          0.0,
          1850.5
        ],
        [
          0.0,
          3030.5580553578425,
          1040.5
        ],
        [
          0.0,
          0.0,
          1.0
        ]
      ],
      "R": [
        [
          0.9999897553076988,
          -0.00023766530737032399,
          0.004520264909300368
        ],
        [
          0.0002387835530228815,
          0.9999999410245083,
          -0.00024684690551273
        ],
        [
          -0.0045202059757698506,
          0.00024792374155778495,
          0.9999897530833779
        ]
      ],
      "T": [
        -3.4068399779363405,
        -0.39639972901275816,
        2.606096886395305
      ]
    }
  ]
}