{
  "cameras": [
    {
      "cam_index": 0,
      "image_name": "001001_time_00000.png",
      "mask_folder": "001001",
      "width": 3840,
      "height": 2160,
      "K": [
        [
          3000.5814519931596,
          0.0,
          1920.0
        ],
        [
          0.0,
          3000.5814519931596,
          1080.0
        ],
        [
          0.0,
          0.0,
          1.0
        ]
      ],
      "R": [
        [
          -0.41778482795244276,
          0.15499692968028184,
          -0.8952272277597644
        ],
        [
          -0.08869775689385449,
          0.9736755931931192,
          0.20997272951987353
        ],
        [
          0.9042060304237889,
          0.16712806768976016,
          -0.3930390101956045
        ]
      ],
      "T": [
        4.166950177997505,
        -0.6191966166442275,
        4.598938251994421
      ]
    },
    {
      "cam_index": 1,
      "image_name": "002001_time_00000.png",
      "mask_folder": "002001",
      "width": 3840,
      "height": 2160,
      "K": [
        [
          3023.84480861941,
          0.0,
          1920.0
        ],
        [
          0.0,
          3023.84480861941,
          1080.0
        ],
        [
          0.0,
          0.0,
          1.0
        ]
      ],
      "R": [
        [
          -0.3116751396481823,
          0.1817966042556452,
          -0.9326352995712754
        ],
        [
          -0.0722377889756889,
          0.9741522938679174,
          0.21403039549507574
        ],
        [
          0.9474388155280478,
          0.13407946536659154,
          -0.29048646749516416
        ]
      ],
      "T": [
        3.9594187645828285,
        -0.640551427481276,
        4.066503808316101
      ]
    },
    {
      "cam_index": 2,
      "image_name": "003001_time_00000.png",
      "mask_folder": "003001",
      "width": 3840,
      "height": 2160,
      "K": [
        [
          2996.2302859199376,
          0.0,
          1920.0
        ],
        [
          0.0,
          2996.2302859199376,
          1080.0
        ],
        [
          0.0,
          0.0,
          1.0
        ]
      ],
      "R": [
        [
          -0.15540887681416438,
          0.17536036909524688,
          -0.9721609033272932
        ],
        [
          -0.0747201994254657,
          0.9792117415517977,
          0.18857692596103587
        ],
        [
          0.9850202905550619,
          0.10194658482692864,
          -0.1390752351676865
        ]
      ],
      "T": [
        3.9378784629174732,
        -0.5179897084314737,
        3.3494577260826617
      ]
    },
    {
      "cam_index": 3,
      "image_name": "004001_time_00000.png",
      "mask_folder": "004001",
      "width": 3840,
      "height": 2160,
      "K": [
        [
          3002.128678259536,
          0.0,
          1920.0
        ],
        [
          0.0,
          3002.128678259536,
          1080.0
        ],
        [
          0.0,
          0.0,
          1.0
        ]
      ],
      "R": [
        [
          -0.06534474929534806,
          0.1333380283939887,
          -0.9889140680178091
        ],
        [
          -0.10966531550713816,
          0.9840694974875496,
          0.1399312069887252
        ],
        [
          0.9918183212233217,
          0.11759334291789425,
          -0.049681217649596654
        ]
      ],
      "T": [
        3.6150982487588257,
        -0.4047908966747223,
        3.1381555318180685
      ]
    },
    {
      "cam_index": 4,
      "image_name": "005001_time_00000.png",
      "mask_folder": "005001",
      "width": 3840,
      "height": 2160,
      "K": [
        [
          3010.346680577415,
          0.0,
          1920.0
        ],
        [
          0.0,
          3010.346680577415,
          1080.0
        ],
        [
          0.0,
          0.0,
          1.0
        ]
      ],
      "R": [
        [
          0.06819429680496092,
          0.14254547269347495,
          -0.98743623900375
        ],
        [
          -0.08017824239840116,
          0.9873219941417345,
          0.13699171263215862
        ],
        [
          0.9944450650132365,
          0.0698288486127509,
          0.07875877457297942
        ]
      ],
      "T": [
        3.348905326157062,
        -0.3159309743011007,
        2.682263166465842
      ]
    },
    {
      "cam_index": 5,
      "image_name": "006001_time_00000.png",
      "mask_folder": "006001",
      "width": 3840,
      "height": 2160,
      "K": [
        [
          3009.151713362671,
          0.0,
          1920.0
        ],
        [
          0.0,
          3009.151713362671,
          1080.0
        ],
        [
          0.0,
          0.0,
          1.0
        ]
      ],
      "R": [
        [
          0.21889790863899616,
          0.14811885524794782,
          -0.9644399982961674
        ],
        [
          -0.10478578560845292,
          0.9862635878806106,
          0.127687408757811
        ],
        [
          0.970104965829932,
          0.0731090961570614,
          0.23141178736443935
        ]
      ],
      "T": [
        3.0290299530233153,
        -0.3629808079872254,
        2.291510933613743
      ]
    },
    {
      "cam_index": 6,
      "image_name": "008001_time_00000.png",
      "mask_folder": "008001",
      "width": 3840,
      "height": 2160,
      "K": [
        [
          3467.6463859952996,
          0.0,
          1920.0
        ],
        [
          0.0,
          3467.6463859952996,
          1080.0
        ],
        [
          0.0,
          0.0,
          1.0
        ]
      ],
      "R": [
        [
          0.4785488378228894,
          0.15046705386801554,
          -0.8650726417582756
        ],
        [
          -0.07016540698954601,
          0.9886104241302661,
          0.1331399450314097
        ],
        [
          0.8752530065531644,
          -0.0030157919780933323,
          0.48365595160029984
        ]
      ],
      "T": [
        1.9427319698385301,
        -0.2638331073443209,
        1.7699359628824933
      ]
    },
    {
      "cam_index": 7,
      "image_name": "009001_time_00000.png",
      "mask_folder": "009001",
      "width": 3840,
      "height": 2160,
      "K": [
        [
          3057.7086417202427,
          0.0,
          1920.0
        ],
        [
          0.0,
          3057.7086417202427,
          1080.0
        ],
        [
          0.0,
          0.0,
          1.0
        ]
      ],
      "R": [
        [
          0.7178494235412921,
          0.10694993813901046,
          -0.6879345287550963
        ],
        [
          -0.056529344644092705,
          0.9938213616582618,
          0.09551719377069062
        ],
        [
          0.6938995880641118,
          -0.02967847441800383,
          0.7194599014821298
        ]
      ],
      "T": [
        1.0746831152829788,
        -0.20408353059009682,
        0.9536674965964932
      ]
    },
    {
      "cam_index": 8,
      "image_name": "010001_time_00000.png",
      "mask_folder": "010001",
      "width": 3840,
      "height": 2160,
      "K": [
        [
          3048.97309669302,
          0.0,
          1920.0
        ],
        [
          0.0,
          3048.97309669302,
          1080.0
        ],
        [
          0.0,
          0.0,
          1.0
        ]
      ],
      "R": [
        [
          0.8444817206216159,
          0.0974355615385899,
          -0.5266468787371809
        ],
        [
          -0.07147875121665173,
          0.9950197345529789,
          0.0694731313143974
        ],
        [
          0.530793191045687,
          -0.02102472824507269,
          0.8472405497506347
        ]
      ],
      "T": [
        0.22191019556940278,
        -0.1891868208101071,
        0.8596904850164476
      ]
    },
    {
      "cam_index": 9,
      "image_name": "012001_time_00000.png",
      "mask_folder": "012001",
      "width": 3840,
      "height": 2160,
      "K": [
        [
          3043.4742087997533,
          0.0,
          1920.0
        ],
        [
          0.0,
          3043.4742087997533,
          1080.0
        ],
        [
          0.0,
          0.0,
          1.0
        ]
      ],
      "R": [
        [
          0.9179376194524473,
          0.092153609179396,
          -0.3858733459429207
        ],
        [
          -0.06778573250321807,
          0.9947766664573503,
          0.07631827003413921
        ],
        [
          0.3908908047818163,
          -0.04389870370765825,
          0.9193896249957421
        ]
      ],
      "T": [
        -0.4705089665972939,
        -0.14923843277488089,
        1.0576607292547178
      ]
    },
    {
      "cam_index": 10,
      "image_name": "101001_time_00000.png",
      "mask_folder": "101001",
      "width": 3840,
      "height": 2160,
      "K": [
        [
          3060.9369477733853,
          0.0,
          1920.0
        ],
        [
          0.0,
          3060.9369477733853,
          1080.0
        ],
        [
          0.0,
          0.0,
          1.0
        ]
      ],
      "R": [
        [
          0.6640897847568872,
          -0.13134515721701684,
          0.7360252763711232
        ],
        [
          0.09465348798524824,
          0.9912966963541497,
          0.09149632238278821
        ],
        [
          -0.7416370237479908,
          0.008905586616600555,
          0.6707422869726021
        ]
      ],
      "T": [
        -3.603847009959319,
        -0.6222556515893571,
        4.8304514730275745
      ]
    },
    {
      "cam_index": 11,
      "image_name": "102001_time_00000.png",
      "mask_folder": "102001",
      "width": 3840,
      "height": 2160,
      "K": [
        [
          2856.510453199677,
          0.0,
          1920.0
        ],
        [
          0.0,
          2856.510453199677,
          1080.0
        ],
        [
          0.0,
          0.0,
          1.0
        ]
      ],
      "R": [
        [
          0.7485384824067585,
          -0.07252547818356832,
          0.6591131885878417
        ],
        [
          0.06786925395674932,
          0.997160001002662,
          0.032645011375787264
        ],
        [
          -0.659608902853457,
          0.020297473109127863,
          0.7513348839644296
        ]
      ],
      "T": [
        -3.396043854223085,
        -0.5097893639698471,
        4.344866648575363
      ]
    },
    {
      "cam_index": 12,
      "image_name": "103001_time_00000.png",
      "mask_folder": "103001",
      "width": 3840,
      "height": 2160,
      "K": [
        [
          3044.4251284866846,
          0.0,
          1920.0
        ],
        [
          0.0,
          3044.4251284866846,
          1080.0
        ],
        [
          0.0,
          0.0,
          1.0
        ]
      ],
      "R": [
        [
          0.8573378169613461,
          -0.08950218648462753,
          0.5069134306984028
        ],
        [
          0.07025858824665683,
          0.9958983162393288,
          0.057011178634165105
        ],
        [
          -0.5099368572534645,
          -0.013262817428469163,
          0.8601095856275054
        ]
      ],
      "T": [
        -3.4807150701622347,
        -0.48544913471048046,
        3.428105727921885
      ]
    },
    {
      "cam_index": 13,
      "image_name": "104001_time_00000.png",
      "mask_folder": "104001",
      "width": 3840,
      "height": 2160,
      "K": [
        [
          3034.6659541316503,
          0.0,
          1920.0
        ],
        [
          0.0,
          3034.6659541316503,
          1080.0
        ],
        [
          0.0,
          0.0,
          1.0
        ]
      ],
      "R": [
        [
          0.918409851650278,
          -0.022737914760346548,
          0.3949763684374871
        ],
        [
          0.020414917867364712,
          0.9997407431162288,
          0.010083535187583363
        ],
        [
          -0.395103246658621,
          -0.0011974079345375135,
          0.918635940236422
        ]
      ],
      "T": [
        -3.242250677682544,
        -0.3363483460861223,
        3.079869876985274
      ]
    },
    {
      "cam_index": 14,
      "image_name": "105001_time_00000.png",
      "mask_folder": "105001",
      "width": 3840,
      "height": 2160,
      "K": [
        [
          7325.9446804273,
          0.0,
          1920.0
        ],
        [
          0.0,
          7325.9446804273,
          1080.0
        ],
        [
          0.0,
          0.0,
          1.0
        ]
      ],
      "R": [
        [
          0.9727940492983106,
          0.07131910310630162,
          -0.22042078663753298
        ],
        [
          -0.07368972583182555,
          0.9972779806577943,
          -0.002540394052613623
        ],
        [
          0.21963961836751242,
          0.01871402755221047,
          0.9754015702346129
        ]
      ],
      "T": [
        -0.6342337485690451,
        0.0691795214976903,
        1.8527153012450974
      ]
    },
    {
      "cam_index": 15,
      "image_name": "106001_time_00000.png",
      "mask_folder": "106001",
      "width": 3840,
      "height": 2160,
      "K": [
        [
          7455.537532976384,
          0.0,
          1920.0
        ],
        [
          0.0,
          7455.537532976384,
          1080.0
        ],
        [
          0.0,
          0.0,
          1.0
        ]
      ],
      "R": [
        [
          0.919815381356043,
          0.08395253245736059,
          -0.38326444723563
        ],
        [
          -0.0688262965160259,
          0.9962178112541397,
          0.05303784920129606
        ],
        [
          0.38626753051314744,
          -0.022406356999904203,
          0.9221146078645905
        ]
      ],
      "T": [
        -0.14221373403861826,
        -0.42402049206806375,
        1.5342044552932745
      ]
    },
    {
      "cam_index": 16,
      "image_name": "107001_time_00000.png",
      "mask_folder": "107001",
      "width": 3840,
      "height": 2160,
      "K": [
        [
          7412.282058089896,
          0.0,
          1920.0
        ],
        [
          0.0,
          7412.282058089896,
          1080.0
        ],
        [
          0.0,
          0.0,
          1.0
        ]
      ],
      "R": [
        [
          0.6176694526142992,
          0.16858875629271913,
          -0.7681551136058565
        ],
        [
          -0.11128802734309451,
          0.9856606034812867,
          0.1268390701439756
        ],
        [
          0.7785238739288828,
          0.0071418482607703004,
          0.6275743555358084
        ]
      ],
      "T": [
        0.043834269669072765,
        0.20956749865359905,
        1.6985702174258548
      ]
    },
    {
      "cam_index": 17,
      "image_name": "108001_time_00000.png",
      "mask_folder": "108001",
      "width": 3840,
      "height": 2160,
      "K": [
        [
          7476.317601551842,
          0.0,
          1920.0
        ],
        [
          0.0,
          7476.317601551842,
          1080.0
        ],
        [
          0.0,
          0.0,
          1.0
        ]
      ],
      "R": [
        [
          0.46306713260368515,
          0.1615320714664948,
          -0.8714793288368603
        ],
        [
          -0.06535081326898526,
          0.9867985020270403,
          0.14818227830031344
        ],
        [
          0.8839106866122184,
          -0.011666459828609185,
          0.46751020503063256
        ]
      ],
      "T": [
        0.40248571878024164,
        0.29122451939157146,
        1.7348111091396021
      ]
    },
    {
      "cam_index": 18,
      "image_name": "109001_time_00000.png",
      "mask_folder": "109001",
      "width": 3840,
      "height": 2160,
      "K": [
        [
          3031.713296825381,
          0.0,
          1920.0
        ],
        [
          0.0,
          3031.713296825381,
          1080.0
        ],
        [
          0.0,
          0.0,
          1.0
        ]
      ],
      "R": [
        [
          0.9916987701197231,
          0.05986957516442632,
          -0.11379447839266969
        ],
        [
          -0.05771856826004033,
          0.9980880916787037,
          0.022107196275753152
        ],
        [
          0.11490046223161911,
          -0.015355624988736735,
          0.9932583191497394
        ]
      ],
      "T": [
        -1.6101153400104693,
        -0.17692824948458147,
        1.7921295254911729
      ]
    },
    {
      "cam_index": 19,
      "image_name": "110001_time_00000.png",
      "mask_folder": "110001",
      "width": 3840,
      "height": 2160,
      "K": [
        [
          3025.199944060852,
          0.0,
          1920.0
        ],
        [
          0.0,
          3025.199944060852,
          1080.0
        ],
        [
          0.0,
          0.0,
          1.0
        ]
      ],
      "R": [
        [
          0.9916791317874086,
          0.012670007763458892,
          0.12810921309822057
        ],
        [
          -0.01635718013861799,
          0.9994804878345136,
          0.02777043564648498
        ],
        [
          -0.12769080716826955,
          -0.02963486698732852,
          0.9913711880135306
        ]
      ],
      "T": [
        -2.4694676255684014,
        -0.22716964581124532,
        2.4619982391917867
      ]
    },
    {
      "cam_index": 20,
      "image_name": "111001_time_00000.png",
      "mask_folder": "111001",
      "width": 3840,
      "height": 2160,
      "K": [
        [
          3066.581070694156,
          0.0,
          1920.0
        ],
        [
          0.0,
          3066.581070694156,
          1080.0
        ],
        [
          0.0,
          0.0,
          1.0
        ]
      ],
      "R": [
        [
          0.9999158543392789,
          0.010896815428360102,
          0.007038725344136051
        ],
        [
          -0.011020887159108081,
          0.999780192351061,
          0.01783555518344836
        ],
        [
          -0.006842827425570261,
          -0.017911627396634797,
          0.9998161577594293
        ]
      ],
      "T": [
        -2.1055111451747237,
        -0.24604983156097918,
        1.8667572068531837
      ]
    },
    {
      "cam_index": 21,
      "image_name": "112001_time_00000.png",
      "mask_folder": "112001",
      "width": 3840,
      "height": 2160,
      "K": [
        [
          3022.454185856657,
          0.0,
          1920.0
        ],
        [
          0.0,
          3022.454185856657,
          1080.0
        ],
        [
          0.0,
          0.0,
          1.0
        ]
      ],
      "R": [
        [
          0.9683490052924023,
          -0.0369092953487108,
          0.24685604684932608
        ],
        [
          0.025598920043335815,
          0.9984769431079386,
          0.048872173825616684
        ],
        [
          -0.2482839085438884,
          -0.04100607270500344,
          0.9678189927664584
        ]
      ],
      "T": [
        -2.8622551661470763,
        -0.35167347026452367,
        2.713380124797276
      ]
    }
  ]
}